0.9227640628814697,1.199599027633667,1.2429802417755127,0.8369712829589844,0.9903988838195801,
1.178964376449585,0.9302198886871338,1.238917350769043,0.8159234523773193,0.7372384071350098,
1.017387866973877,0.9256539344787598,0.8983094692230225,0.9983537197113037,0.9947121143341064,
0.952019453048706,0.9431374073028564,1.2209537029266357,1.1354005336761475,1.0870039463043213,
1.1870415210723877,1.2801554203033447,0.9242193698883057,0.892451286315918,0.7384850978851318,
0.9732363224029541,0.9752709865570068,0.958202600479126,0.8601574897766113,0.7826557159423828,
1.003110408782959,0.9590835571289062,0.9214608669281006,0.8538908958435059,0.7541637420654297,
0.9687013626098633,1.0961849689483643,0.8982141017913818,0.847719669342041,0.7438838481903076,
0.9502866268157959,1.01906156539917,0.8945291042327881,0.8376312255859375,0.7665557861328125,
0.9716882705688477,0.9606950283050537,0.941162109375,0.8395428657531738,1.0283300876617432,
0.9841978549957275,0.9567549228668213,0.9448883533477783,0.89402174949646,1.037019968032837,
0.9450819492340088,0.956507682800293,1.2664978504180908,1.1409947872161865,0.7365806102752686,
0.9863576889038086,1.1923956871032715,1.238701343536377,1.1128876209259033,0.7717621326446533,
1.2829711437225342,0.9178473949432373,0.9170029163360596,0.8351497650146484,0.9513678550720215,
1.3813071250915527,1.0260086059570312,0.958221435546875,0.8703031539916992,0.7655742168426514,
1.2670300006866455,1.2386910915374756,0.9447553157806396,0.8693485260009766,1.025832176208496,
0.9551365375518799,1.0145094394683838,1.2505300045013428,1.1079034805297852,0.7564668655395508,
0.9535448551177979,0.9492387771606445,0.9451165199279785,0.8377728462219238,0.7651040554046631,
0.9730119705200195,0.8972628116607666,0.9363815784454346,0.8345041275024414,0.7393784523010254,
0.9820876121520996,0.9434046745300293,0.9173221588134766,1.1235322952270508,0.7775874137878418,
0.9770646095275879,0.91306471824646,0.931640625,1.116185188293457,0.7840514183044434,
0.9478194713592529,0.9098224639892578,1.2010769844055176,0.8842806816101074,0.9291691780090332,
0.9474689960479736,1.2675414085388184,0.9468164443969727,0.9912848472595215,0.7855217456817627,
1.0374889373779297,0.9633333683013916,0.9105844497680664,0.8730409145355225,0.7723345756530762,
0.9442963600158691,0.9398820400238037,1.2572128772735596,1.1494624614715576,0.7455291748046875,
0.9699735641479492,0.9374442100524902,1.0832853317260742,1.090928077697754,0.7275505065917969,
1.3214507102966309,0.9357829093933105,0.8979678153991699,0.8388528823852539,0.765073299407959,
1.23964262008667,1.3200428485870361,1.328740119934082,0.830848217010498,0.7245283126831055,
0.9643807411193848,0.9609708786010742,1.2099075317382812,0.847639799118042,1.0125291347503662,
0.9821181297302246,1.0217564105987549,1.030113697052002,0.822504997253418,1.0429658889770508,
0.9696006774902344,1.27632474899292,1.1786651611328125,0.8574883937835693,0.8364367485046387,
1.357783317565918,0.9652786254882812,1.2313380241394043,0.8805921077728271,0.8900797367095947,
0.9797005653381348,1.1103858947753906,0.9358720779418945,0.8371288776397705,0.9764964580535889,
0.9574816226959229,1.2484393119812012,1.2165184020996094,0.831871747970581,1.0105276107788086,
0.9534096717834473,1.0297398567199707,0.945446252822876,0.8369967937469482,1.0559732913970947,
1.2894153594970703,0.9461812973022461,0.9296259880065918,0.9922702312469482,1.0201857089996338,
0.9723114967346191,0.954573392868042,1.237837791442871,0.8163537979125977,0.7679030895233154,
1.059494972229004,0.9583439826965332,1.21089768409729,1.094536542892456,0.800562858581543,
0.9779584407806396,0.9625227451324463,0.9161288738250732,0.8244273662567139,0.7842960357666016,
0.9913609027862549,0.9360010623931885,0.9263021945953369,1.0799691677093506,0.9874660968780518,
1.2705817222595215,1.2867136001586914,0.8731987476348877,1.1298942565917969,1.0224406719207764,
1.3135128021240234,1.277294397354126,0.9177660942077637,0.8259320259094238,0.959446907043457,
1.0065968036651611,0.9288690090179443,0.9501888751983643,0.8592355251312256,0.6960794925689697,
0.9651179313659668,0.9258086681365967,0.970125675201416,0.82320237159729,1.004289150238037,
0.9577634334564209,1.2296292781829834,0.9077532291412354,0.8266966342926025,0.7580702304840088,
0.9789509773254395,1.2768242359161377,0.9166510105133057,1.1462340354919434,0.7644350528717041,
0.9667644500732422,0.9531509876251221,0.8261628150939941,1.1002354621887207,0.7539393901824951,
1.3204460144042969,1.2466845512390137,0.942924976348877,0.8489398956298828,0.8379898071289062,
0.952887773513794,1.2879817485809326,1.2555124759674072,1.0342779159545898,0.7698450088500977,
1.2876055240631104,1.297194242477417,0.8583176136016846,1.139958143234253,1.0052142143249512,
1.0705444812774658,0.9974524974822998,1.2482924461364746,0.8530139923095703,0.8201143741607666,
1.0796115398406982,0.9572434425354004,0.9418179988861084,0.8508379459381104,1.0302608013153076,
0.9490373134613037,0.9328722953796387,0.9176826477050781,0.8214771747589111,0.7586154937744141,
0.9806215763092041,0.9476735591888428,0.9349641799926758,0.841386079788208,0.8183650970458984,
1.1612303256988525,1.0384798049926758,1.2468433380126953,0.7536754608154297,1.0032801628112793,
1.2849459648132324,0.9754431247711182,0.8947997093200684,1.1375517845153809,0.7775003910064697,
0.9372808933258057,0.9738461971282959,1.1531951427459717,0.8550770282745361,0.7738301753997803,
0.997791051864624,1.2751522064208984,1.2475271224975586,1.1595244407653809,1.0181457996368408,
0.9662408828735352,0.9614379405975342,0.9159135818481445,0.9950037002563477,0.9968624114990234,
1.2733476161956787,0.95981764793396,0.9436984062194824,1.186288833618164,1.0551073551177979,
0.9729070663452148,0.9582579135894775,1.2529118061065674,1.1015565395355225,0.7719388008117676,
0.9979898929595947,1.214465618133545,0.9361097812652588,0.870335578918457,0.8164074420928955,
0.9735910892486572,0.9554316997528076,0.9382150173187256,0.9955065250396729,0.8659734725952148,
0.9870481491088867,0.9471805095672607,1.2666866779327393,1.0488786697387695,1.0045223236083984,
0.9764282703399658,1.0568270683288574,0.8699474334716797,0.8683023452758789,0.7750983238220215,
0.9782609939575195,0.93027663230896,0.933443546295166,0.8160455226898193,0.7928009033203125,
0.9893331527709961,1.3288545608520508,1.278834581375122,1.1380527019500732,0.7740340232849121,
0.9232654571533203,0.9528508186340332,0.953545093536377,1.1689715385437012,0.7683005332946777,
0.9420161247253418,0.9477047920227051,1.2910876274108887,0.8392784595489502,0.7397909164428711,
0.9575600624084473,0.9591374397277832,1.2071056365966797,0.8549273014068604,0.9235165119171143,
1.086606740951538,0.9465718269348145,1.0615944862365723,0.7905561923980713,0.9936525821685791,
0.9929478168487549,0.9337081909179688,0.910912275314331,1.1405608654022217,0.8464877605438232,
1.065946340560913,1.2067358493804932,1.2181031703948975,0.8471291065216064,0.7762556076049805,
0.9597201347351074,0.9727551937103271,0.9376356601715088,0.818634033203125,0.7679133415222168,
1.0384621620178223,0.9922807216644287,1.0109496116638184,0.8247048854827881,0.80153489112854,
0.9823324680328369,0.9397053718566895,0.9382009506225586,0.8689990043640137,0.7786586284637451,
0.984783411026001,0.9624025821685791,1.242187261581421,0.8267123699188232,0.7862653732299805,
1.2737767696380615,0.9187517166137695,1.2316107749938965,0.8961737155914307,1.0716278553009033,
0.9699294567108154,0.9818568229675293,1.2391722202301025,0.8407647609710693,1.037236213684082,
0.9849648475646973,0.9194035530090332,0.9577164649963379,0.8334596157073975,1.0369551181793213,
0.9762158393859863,1.0089435577392578,1.220365047454834,1.1247992515563965,0.7561531066894531,
1.1719965934753418,0.9589567184448242,0.9424266815185547,1.1032991409301758,1.0285840034484863,
1.318720817565918,0.9470822811126709,1.2319574356079102,0.8435642719268799,1.0247066020965576,
0.9838359355926514,0.944577693939209,0.8699901103973389,1.2032368183135986,0.7939836978912354,
1.198256015777588,0.9091536998748779,1.0065512657165527,0.8308651447296143,0.7555842399597168,
1.3249287605285645,0.9655559062957764,1.006324291229248,0.9775819778442383,1.0246946811676025,
0.9737966060638428,1.236999750137329,1.259613275527954,0.798417329788208,0.7516689300537109,
0.9504172801971436,1.05538010597229,1.2692973613739014,1.1265594959259033,0.7577321529388428,
1.2363693714141846,1.3009967803955078,1.2533631324768066,0.983198881149292,0.8931338787078857,
1.2346510887145996,1.1288273334503174,0.9223356246948242,0.8329298496246338,0.7583179473876953,
0.9100246429443359,1.1213998794555664,0.9200301170349121,0.8878927230834961,1.0595006942749023,
0.9763593673706055,0.9487605094909668,1.2527713775634766,1.1093523502349854,1.0332391262054443,
0.9600393772125244,0.9264135360717773,0.8941123485565186,0.9204764366149902,0.9877541065216064,
1.2872123718261719,0.956287145614624,0.9293186664581299,0.830801248550415,0.7943549156188965,
1.0030148029327393,0.9501838684082031,0.9515578746795654,0.8953657150268555,0.7885723114013672,
0.9826083183288574,0.9416506290435791,0.9668412208557129,0.8453035354614258,1.0553264617919922,
0.9781956672668457,0.9840202331542969,1.227637529373169,0.85398268699646,0.7201240062713623,
0.9564149379730225,1.2600154876708984,0.9015631675720215,0.8756904602050781,0.7732505798339844,
0.9719140529632568,0.923912763595581,0.9380009174346924,0.8243029117584229,0.834141731262207,
0.9841446876525879,0.9551074504852295,0.9287285804748535,0.8392374515533447,0.9938793182373047,
