1.9090907573699951,1.8244028091430664,1.6602418422698975,1.6122727394104004,1.759958267211914,
2.0108606815338135,1.8380084037780762,1.7210185527801514,1.6310198307037354,1.9980299472808838,
1.7081162929534912,1.8910863399505615,1.7889902591705322,1.645364761352539,1.7462334632873535,
1.8623340129852295,1.7398853302001953,2.2653748989105225,1.8102493286132812,1.9082770347595215,
1.776334285736084,1.8070950508117676,1.7789721488952637,1.7517321109771729,1.7988357543945312,
1.7779362201690674,1.9079864025115967,1.6739909648895264,1.8108994960784912,1.834479808807373,
1.7985856533050537,1.8483550548553467,1.7900176048278809,1.665649175643921,1.7954235076904297,
2.501378297805786,1.7846217155456543,1.7441864013671875,1.6749658584594727,1.7892096042633057,
1.9153449535369873,1.8083410263061523,1.7331347465515137,1.6861238479614258,1.80763840675354,
2.0500600337982178,1.8353159427642822,2.0407586097717285,1.6759586334228516,1.8468410968780518,
2.5372509956359863,2.4748921394348145,1.7689979076385498,1.7393760681152344,1.854552984237671,
1.8247439861297607,1.7923402786254883,1.78440260887146,1.6597874164581299,2.2916722297668457,
2.2274301052093506,1.9750099182128906,2.2405126094818115,1.7167329788208008,1.7128047943115234,
1.8292336463928223,1.872727394104004,1.8989033699035645,1.6632916927337646,1.7796108722686768,
1.8775720596313477,2.224858045578003,1.7918000221252441,1.7515041828155518,1.7514166831970215,
1.870124101638794,1.8343985080718994,1.7379369735717773,1.6777546405792236,1.7289676666259766,
1.843134880065918,1.8747386932373047,2.3518855571746826,1.6863925457000732,1.801208734512329,
1.8970024585723877,1.8953027725219727,1.8428308963775635,1.7283494472503662,2.408334970474243,
1.8163762092590332,1.8755242824554443,2.4054453372955322,1.6789774894714355,1.7989773750305176,
1.9213850498199463,1.917996883392334,2.283630847930908,1.7057151794433594,1.8091099262237549,
1.9625256061553955,1.7856225967407227,1.7873482704162598,1.6814560890197754,1.7380406856536865,
1.8528132438659668,1.7830140590667725,1.7308058738708496,1.6729705333709717,2.415800094604492,
1.803332805633545,1.7490708827972412,2.1323602199554443,1.724595308303833,1.7759246826171875,
1.8646702766418457,1.8392269611358643,2.0338046550750732,1.6776988506317139,1.8016345500946045,
2.4428296089172363,1.8357305526733398,1.7345912456512451,1.7153050899505615,1.8181838989257812,
1.8120779991149902,1.8094372749328613,1.6980171203613281,2.2439775466918945,1.7624146938323975,
1.8145806789398193,1.8495724201202393,1.6941568851470947,1.664534330368042,2.122004508972168,
1.8190789222717285,1.8179931640625,1.8251900672912598,1.6860074996948242,1.805795669555664,
1.999589443206787,2.2311627864837646,1.9240972995758057,1.6340000629425049,1.900111436843872,
2.2016329765319824,1.7349090576171875,1.7416176795959473,1.8901875019073486,2.2883591651916504,
2.331150531768799,1.8370850086212158,1.7923190593719482,1.805842638015747,2.4534671306610107,
1.8450267314910889,2.0032026767730713,1.7731897830963135,2.269775390625,1.8336751461029053,
2.471637725830078,1.8504068851470947,2.3251492977142334,1.674062967300415,2.04386305809021,
2.4518351554870605,1.8159334659576416,1.6606013774871826,1.7111408710479736,1.8030855655670166,
2.61167049407959,2.4214060306549072,1.9767160415649414,2.3524086475372314,1.8267011642456055,
1.8001835346221924,1.8652722835540771,1.825387716293335,1.7328355312347412,1.943427324295044,
1.890479564666748,1.8234732151031494,1.7477383613586426,1.7592556476593018,1.7548847198486328,
1.898045539855957,1.8237645626068115,1.6582412719726562,1.7825124263763428,1.9177753925323486,
1.8981482982635498,1.8486409187316895,1.8184208869934082,1.8120293617248535,1.7528343200683594,
2.2383463382720947,1.7974023818969727,1.7517943382263184,1.662968397140503,1.876634120941162,
1.8603479862213135,1.7801880836486816,2.0688579082489014,1.6008985042572021,1.8637018203735352,
2.43227219581604,1.9862208366394043,1.788233757019043,1.7184162139892578,1.8102846145629883,
1.874382734298706,1.7675294876098633,1.7216205596923828,1.7066760063171387,1.7890894412994385,
1.7698945999145508,1.8196945190429688,2.337406873703003,1.680299997329712,1.8246822357177734,
2.223722457885742,1.8144721984863281,1.7230744361877441,2.367656946182251,1.8413054943084717,
1.888012409210205,1.8699305057525635,1.8817787170410156,1.748544454574585,1.8024115562438965,
1.7271511554718018,2.021362543106079,1.774458646774292,1.9731452465057373,1.8570020198822021,
1.8644585609436035,1.81184983253479,1.6992647647857666,1.7264819145202637,1.829157829284668,
1.8224947452545166,1.8292195796966553,1.6923778057098389,1.7040879726409912,1.7992961406707764,
1.8298156261444092,1.847020149230957,2.1210005283355713,1.627237319946289,1.8246450424194336,
1.8130338191986084,1.790130853652954,1.7878618240356445,1.6919200420379639,1.7542688846588135,
1.7902469635009766,2.4376049041748047,1.7489204406738281,1.6492350101470947,1.8871631622314453,
1.829759120941162,1.8496031761169434,1.755218267440796,2.089521884918213,1.8084771633148193,
1.873976469039917,1.8504018783569336,1.7548162937164307,1.7098302841186523,1.8044002056121826,
1.7688002586364746,1.8369073867797852,1.7605109214782715,1.6888813972473145,1.8347816467285156,
1.9035604000091553,1.7590537071228027,1.7786827087402344,1.7217884063720703,1.7750754356384277,
1.8104116916656494,1.8718109130859375,1.709076166152954,1.6533496379852295,1.8631649017333984,
1.891268253326416,1.814335823059082,1.7276971340179443,1.6576437950134277,1.780250072479248,
1.8650798797607422,1.8282766342163086,1.9300141334533691,1.6896462440490723,1.741760015487671,
1.8204143047332764,1.827172040939331,1.7141597270965576,1.7388825416564941,2.338794231414795,
1.8835666179656982,1.8116004467010498,1.7310585975646973,1.7264289855957031,2.1504640579223633,
1.8937697410583496,2.0845580101013184,1.6980602741241455,1.691925287246704,1.828935146331787,
1.8831086158752441,1.7770001888275146,1.8124072551727295,1.635584831237793,1.7984364032745361,
1.7981822490692139,1.8167459964752197,1.8328382968902588,1.6265833377838135,1.7635951042175293,
2.1394433975219727,1.826012372970581,2.2886698246002197,1.6805438995361328,1.8246128559112549,
1.8589506149291992,1.8006722927093506,1.7371020317077637,1.7324259281158447,1.792773962020874,
1.8891546726226807,1.7295761108398438,1.993830680847168,1.6909165382385254,1.787332534790039,
1.8502073287963867,1.8090717792510986,2.3472862243652344,1.7155678272247314,1.7757782936096191,
1.9420576095581055,1.8733196258544922,2.17299485206604,1.7054176330566406,2.4840586185455322,
1.6763339042663574,1.736501932144165,1.776735544204712,1.6870059967041016,1.8159215450286865,
1.9068772792816162,2.0205554962158203,1.746405839920044,1.6736018657684326,1.7898406982421875,
1.850454568862915,1.8385109901428223,1.7866508960723877,1.7047951221466064,1.7738063335418701,
1.8619122505187988,1.7590181827545166,2.249053716659546,1.7362730503082275,2.353853702545166,
1.844693899154663,1.821457862854004,2.4268624782562256,1.7047791481018066,1.8229734897613525,
1.827301263809204,1.8073089122772217,2.1609761714935303,1.9326677322387695,1.7806847095489502,
1.7833051681518555,1.850926160812378,1.7625672817230225,1.690378189086914,1.7414555549621582,
1.8623194694519043,1.8807168006896973,2.125378131866455,1.6918163299560547,1.9405791759490967,
1.8653838634490967,1.8511879444122314,2.143854856491089,1.6820800304412842,1.8064610958099365,
1.8849256038665771,1.8605504035949707,2.3715527057647705,2.1528475284576416,1.8590583801269531,
1.7901744842529297,1.8116731643676758,1.7890167236328125,1.670569896697998,1.7737431526184082,
2.535623550415039,1.829869270324707,1.6814067363739014,2.0247600078582764,1.7380890846252441,
1.884946584701538,1.8109989166259766,1.7261631488800049,1.8432786464691162,1.8027112483978271,
1.8732516765594482,2.3765037059783936,1.7319858074188232,1.6653411388397217,1.8106637001037598,
1.813749074935913,1.813533067703247,2.3780341148376465,1.9084789752960205,1.799898386001587,
1.8291559219360352,1.9303572177886963,1.6412746906280518,1.7226300239562988,1.7993576526641846,
1.8368732929229736,1.8417482376098633,1.7291598320007324,2.0110244750976562,2.249263048171997,
2.4709110260009766,1.802321434020996,1.8387823104858398,1.5458683967590332,1.7948637008666992,
1.8631808757781982,1.915156602859497,2.3089425563812256,1.6694245338439941,2.515049695968628,
1.9042675495147705,1.8469383716583252,1.69382643699646,1.7331550121307373,1.7539653778076172,
2.4637787342071533,1.8189542293548584,1.7900760173797607,1.7258975505828857,1.8135457038879395,
2.3376100063323975,2.3988752365112305,1.9144225120544434,1.6632473468780518,2.247621774673462,
1.8605153560638428,2.1136772632598877,1.6931018829345703,1.9775514602661133,1.9718589782714844,
2.493879556655884,1.8476946353912354,1.8328862190246582,1.673090934753418,1.9430961608886719,
1.8420939445495605,2.361729145050049,2.0736377239227295,2.3373780250549316,2.0539236068725586,
2.08335018157959,1.81075119972229,1.7457799911499023,1.7017831802368164,1.9192211627960205,
2.5113370418548584,1.835240364074707,1.7646818161010742,2.2886366844177246,1.781400442123413,
1.8510510921478271,1.8731415271759033,2.3009426593780518,2.2954013347625732,1.7449655532836914,
2.449903964996338,1.9915688037872314,2.106112003326416,1.6839301586151123,2.4444453716278076,
1.8761074542999268,1.9561808109283447,1.695225715637207,1.8211596012115479,1.8682422637939453,
1.8609211444854736,1.8356575965881348,1.7312557697296143,1.6753110885620117,1.7979497909545898,
