1.986309289932251,2.485830783843994,2.565857172012329,3.2248880863189697,2.9859001636505127,
1.8864974975585938,2.042855739593506,3.221243143081665,3.0898542404174805,2.638551950454712,
2.340709924697876,2.985438585281372,3.0495777130126953,2.6959989070892334,2.7169108390808105,
2.166940689086914,2.1408214569091797,2.8799896240234375,3.9881391525268555,2.262110948562622,
2.236621141433716,2.306453227996826,2.4276819229125977,2.697924852371216,2.856022357940674,
1.9562022686004639,2.2562224864959717,2.90796160697937,2.89487361907959,2.9992787837982178,
2.1764702796936035,2.0651333332061768,2.36337947845459,2.8418331146240234,2.495302438735962,
1.927898645401001,2.2976126670837402,2.813145399093628,3.0986580848693848,2.724637031555176,
2.048492908477783,2.6000311374664307,2.687563419342041,2.4037058353424072,2.9040658473968506,
2.0165061950683594,2.394376277923584,2.0756354331970215,2.5613996982574463,2.74963641166687,
1.9615602493286133,2.322423219680786,2.593914270401001,3.1288068294525146,2.726313591003418,
1.9079201221466064,2.135873794555664,2.2575111389160156,3.070483922958374,2.5147018432617188,
1.7132539749145508,1.883112907409668,2.3772637844085693,2.754404067993164,2.305051326751709,
1.9534976482391357,2.2752819061279297,2.654592514038086,3.6236801147460938,2.2440130710601807,
1.7900826930999756,2.438436985015869,2.617351531982422,2.964242458343506,2.4688897132873535,
2.120940685272217,2.300323486328125,3.232208013534546,3.0359389781951904,3.124749183654785,
2.000467538833618,2.270552396774292,2.4351441860198975,3.608107089996338,2.4448447227478027,
2.0202577114105225,2.6006669998168945,2.953415870666504,2.6960136890411377,2.9626598358154297,
2.171454668045044,2.4783477783203125,2.5043296813964844,2.796140193939209,2.2405693531036377,
1.8350963592529297,1.8268015384674072,2.223391532897949,3.1963610649108887,3.0158560276031494,
2.2258760929107666,2.2760426998138428,2.319476366043091,3.000767707824707,2.5588412284851074,
1.8968205451965332,2.358128547668457,2.4962754249572754,2.7376363277435303,2.5669174194335938,
2.00952410697937,1.959744930267334,3.067326068878174,3.125523090362549,3.119993209838867,
2.0659031867980957,2.235142469406128,2.2605457305908203,2.9114744663238525,2.9857583045959473,
1.8526008129119873,2.1454553604125977,2.2423930168151855,3.8450493812561035,2.3721163272857666,
2.1666817665100098,2.1827876567840576,2.377228260040283,2.8823134899139404,2.465364456176758,
2.23762845993042,2.0532655715942383,2.4119293689727783,2.813002109527588,2.4673712253570557,
1.8784501552581787,2.041404962539673,2.4745943546295166,3.1008269786834717,2.800600290298462,
1.9319367408752441,1.9214088916778564,2.3516643047332764,2.916663646697998,2.790780544281006,
2.116567850112915,2.077141761779785,2.3970961570739746,3.2522759437561035,2.469237804412842,
2.088571071624756,2.1380505561828613,2.4329233169555664,2.7008471488952637,2.5992674827575684,
2.207530975341797,2.474980115890503,2.681223154067993,2.9724416732788086,3.22456431388855,
1.7144920825958252,2.02819561958313,2.129693031311035,3.1649117469787598,2.8565962314605713,
1.764636754989624,2.02728271484375,2.5331997871398926,3.103053092956543,2.8393137454986572,
1.9805660247802734,2.0738580226898193,2.41111159324646,2.8918707370758057,2.449852705001831,
2.094308614730835,2.1720685958862305,2.5199174880981445,3.0411269664764404,3.050192356109619,
1.8756129741668701,2.0676169395446777,2.352961778640747,3.2596709728240967,2.761018991470337,
2.0592706203460693,2.0729498863220215,2.723388433456421,2.858635425567627,2.7148706912994385,
1.9670543670654297,2.081576108932495,2.5274698734283447,2.9207334518432617,2.8056070804595947,
1.6821470260620117,1.994391918182373,2.509805202484131,2.7575347423553467,2.9651577472686768,
2.347675323486328,2.133608818054199,2.702869176864624,2.960584878921509,2.6922168731689453,
2.006979465484619,2.092395782470703,2.4592907428741455,2.902132749557495,2.485992431640625,
2.3005802631378174,2.006988763809204,2.5254178047180176,2.7526257038116455,2.7046637535095215,
2.0331320762634277,2.169987201690674,2.62770676612854,2.5851237773895264,2.619368553161621,
3.073612928390503,2.291584014892578,2.6867992877960205,3.2878408432006836,2.547436237335205,
1.869079828262329,2.1044816970825195,2.534579277038574,2.9855000972747803,2.6133108139038086,
1.9218144416809082,1.9302163124084473,2.623610734939575,3.339832305908203,2.2444305419921875,
1.7676050662994385,2.3085920810699463,2.650421619415283,2.5192184448242188,2.7948837280273438,
2.061873197555542,2.038982629776001,2.308333158493042,2.627274513244629,2.6163220405578613,
1.8080506324768066,2.327003002166748,2.6553869247436523,2.9203641414642334,2.5735344886779785,
2.1032233238220215,2.1807899475097656,2.583750009536743,2.764172077178955,2.601043462753296,
2.223170757293701,2.038938045501709,2.4783453941345215,2.959851026535034,2.653146505355835,
1.7743456363677979,2.015920400619507,3.0250139236450195,2.719174861907959,2.6279425621032715,
1.7934000492095947,1.9420263767242432,2.4596731662750244,3.6738364696502686,2.3978474140167236,
2.190863847732544,2.734328031539917,2.888368844985962,3.309089183807373,2.855163097381592,
2.1208269596099854,2.3351340293884277,2.592503786087036,2.6562793254852295,2.9402239322662354,
2.058361291885376,2.022455930709839,2.7643425464630127,2.6525378227233887,2.698498249053955,
2.3574209213256836,2.1420557498931885,2.344038724899292,2.6912078857421875,2.8124566078186035,
2.0208163261413574,2.0786221027374268,2.7516462802886963,2.8052048683166504,2.7441256046295166,
2.2011706829071045,2.076237201690674,2.60649037361145,2.69380784034729,2.5221145153045654,
2.0625245571136475,2.357914686203003,3.1144285202026367,3.69437313079834,2.629183292388916,
2.0953032970428467,2.4332005977630615,2.3764126300811768,2.8374698162078857,2.543297052383423,
2.092482566833496,2.132695436477661,2.4917163848876953,2.8086605072021484,2.5571935176849365,
1.9839184284210205,2.116861343383789,2.4034111499786377,2.7851662635803223,2.69279408454895,
2.262596607208252,2.083578109741211,2.3120803833007812,3.136341094970703,2.9340367317199707,
2.043534994125366,2.3276147842407227,2.4005610942840576,2.7847511768341064,2.7471871376037598,
2.0540008544921875,1.9428203105926514,2.6462631225585938,2.6024043560028076,2.577894926071167,
2.169320821762085,2.061758279800415,2.4135138988494873,2.8755545616149902,2.6800780296325684,
2.1061055660247803,2.205979108810425,2.640411853790283,2.7022507190704346,2.908179998397827,
1.904447317123413,2.0929276943206787,2.351734161376953,2.9941511154174805,2.630913257598877,
2.09505558013916,2.0431461334228516,2.3624513149261475,2.931354522705078,2.6029694080352783,
1.9612386226654053,2.134351968765259,2.7281668186187744,2.9272985458374023,2.8793551921844482,
2.1697287559509277,2.0912792682647705,2.7304461002349854,2.7601683139801025,2.6612441539764404,
2.0356462001800537,2.0595741271972656,2.430432081222534,2.8348679542541504,2.5386786460876465,
2.163809299468994,2.0454418659210205,2.423274040222168,2.6259775161743164,2.4786789417266846,
1.9441545009613037,2.085407018661499,2.460772752761841,2.8299241065979004,2.6420445442199707,
1.9558992385864258,2.3302338123321533,2.5311951637268066,3.128901243209839,2.485713243484497,
1.9726388454437256,2.198565721511841,2.078054904937744,2.586113929748535,2.78310489654541,
2.1508426666259766,1.7901537418365479,2.6923656463623047,3.199608325958252,2.622889280319214,
2.271926164627075,2.1531734466552734,2.3596529960632324,3.0453007221221924,2.7769253253936768,
2.175158739089966,2.005002975463867,2.513409376144409,2.5158183574676514,2.92271089553833,
2.0299267768859863,1.9062604904174805,2.319812536239624,2.8609912395477295,2.7559220790863037,
2.228213310241699,2.047938585281372,2.8241961002349854,2.8108246326446533,2.549805164337158,
1.9797518253326416,2.41814923286438,2.4607648849487305,2.632603406906128,2.755422830581665,
1.958434820175171,1.982039213180542,2.3397371768951416,2.7662112712860107,2.3181967735290527,
1.7341899871826172,2.2687184810638428,2.3979332447052,2.768385887145996,2.394101858139038,
1.870408296585083,1.99607253074646,2.467374563217163,2.4742047786712646,2.9101083278656006,
1.9881081581115723,2.2050721645355225,2.709108829498291,2.979342460632324,2.5471880435943604,
1.9770936965942383,2.2384092807769775,2.4300427436828613,2.6504931449890137,3.0636796951293945,
2.114966630935669,1.9630308151245117,2.312260866165161,3.031224012374878,2.3382301330566406,
2.8002164363861084,2.4642105102539062,2.2890710830688477,2.5677738189697266,2.5225062370300293,
1.8159592151641846,2.099902868270874,2.339005470275879,2.522615432739258,2.4172842502593994,
2.3915762901306152,1.971407175064087,2.4881482124328613,2.719106435775757,2.253941297531128,
1.8838801383972168,2.302227258682251,2.1027753353118896,2.920520305633545,2.719266653060913,
1.7949063777923584,1.857301950454712,2.9290668964385986,3.068915843963623,2.663581371307373,
1.6291649341583252,2.63423490524292,2.629164218902588,3.383725643157959,2.5824990272521973,
2.1023988723754883,2.255970001220703,2.3663103580474854,2.8013556003570557,2.5831797122955322,
1.7742571830749512,2.1701972484588623,2.3955769538879395,2.4514670372009277,2.845993757247925,
2.048150062561035,1.9632470607757568,2.572319984436035,3.2461373805999756,2.2816410064697266,
2.0840377807617188,2.0923402309417725,2.610319137573242,2.9094834327697754,2.4870150089263916,
